0000 0000 0000 0000 0000 0000 0000 0000 0000 0000 0000 0000 0000 0000 0000 0000 0000 0000 0000 0000 0000 0000 0000 0000 0000 0000 0000 0000 0000 0000 0000 0000 0000 0000 0000 0000 0000 0000 0000 0000 0000 0000 0000 0000 0000 0000 0000 0000 0000 0000 0000 0000 0000 0000 0000 0000 0000 0000 0000 0000 0000 0000 0000 0000 0000 0000 0000 0000 0000 0000 0000 0000 0000 0000 0000 0000 0000 0000 0000 0000 0000 0000 0000 0000 0000 0000 0000 0000 0000 0000 0000 0000 0000 0000 0000 0000 0000 0000
0000 0000 0000 0000 0000 0000 0000 0000 0000 0000 0000 0000 0000 0000 0000 0000 0000 0000 0000 0000 0000 0000 0000 0000 0000 0000 0000 0000 0000 0000 0000 0000 0000 0000 0000 0000 0000 0000 0000 0000 0000 0000 0000 0000 0000 0000 0000 0000 0000 0000 0000 0000 0000 0000 0000 0000 0000 0000 0000 0000 0000 0000 0000 0000 0000 0000 0000 0000 0000 0000 0000 0000 0000 0000 0000 0000 0000 0000 0000 0000 0000 0000 0000 0000 0000 0000 0000 0000 0000 0000 0000 0000 0000 0000 0000 0000 0000 0000
0000 0000 0000 0000 0000 0000 0000 0000 0000 0000 0000 0000 0000 0000 0000 0000 0000 0000 0000 0000 0000 0000 0000 0000 0000 0000 0000 0000 0000 0000 0000 0000 0000 0000 0000 0000 0000 0000 0000 0000 0000 0000 0000 0000 0000 0000 0000 0000 0000 0000 0000 0000 0000 0000 0000 0000 0000 0000 0000 0000 0000 0000 0000 0000 0000 0000 0000 0000 0000 0000 0000 0000 0000 0000 0000 0000 0000 0000 0000 0000 0000 0000 0000 0000 0000 0000 0000 0000 0000 0000 0000 0000 0000 0000 0000 0000 0000 0000
0000 0000 0000 0000 0000 0000 0000 0000 0000 0000 0000 0000 0000 0000 0000 0000 0000 0000 0000 0000 0000 0000 0000 0000 0000 0000 0000 0000 0000 0000 0000 0000 0000 0000 0000 0000 0000 0000 0000 0000 0000 0000 0000 0000 0000 0000 0000 0000 0000 0000 0000 0000 0000 0000 0000 0000 0000 0000 0000 0000 0000 0000 0000 0001 0000 ffff 0000 0000 0000 0000 0000 0000 0000 0000 0000 0000 0000 0000 0000 0000 0000 0000 0000 0000 0000 0000 0000 0000 0000 0000 0000 0000 0000 0000 0000 0000 0000 0000
0000 0000 0000 0000 0000 0000 0000 0000 0000 0000 0000 0000 0000 0000 0000 0000 0000 0000 0000 0000 0000 0000 0000 0000 0000 0000 0000 0000 0000 0000 0000 0000 0000 0000 0000 0000 0000 0000 0000 0000 0000 0000 0000 0000 0000 0000 0000 0000 0000 0000 0000 0000 0000 0000 0000 0000 0000 0000 0000 0000 0001 0001 0000 0002 0000 fffe 0000 0000 ffff ffff 0000 0000 0000 0000 0000 0000 0000 0000 0000 0000 0000 0000 0000 0000 0000 0000 0000 0000 0000 0000 0000 0000 0000 0000 0000 0000 0000 0000
0000 0000 0000 0000 0000 0000 0000 0000 0000 0000 0000 0000 0000 0000 0000 0000 0000 0000 0000 0000 0000 0000 0000 0000 0000 0000 0000 0000 0000 0000 0000 0000 0000 0000 0000 0000 0000 0000 0000 0000 0000 0000 0000 0000 0000 0000 0000 0000 0000 0000 0000 0000 0000 0000 0000 0000 0000 0000 0000 0001 0003 0002 ffff 0000 0001 fff1 ffff 0000 ffff fffd ffff 0000 0000 0000 0000 0000 0000 0000 0000 0000 0000 0000 0000 0000 0000 0000 0000 0000 0000 0000 0000 0000 0000 0000 0000 0000 0000 0000
0000 0000 0000 0000 0000 0000 0000 0000 0000 0000 0000 0000 0000 0000 0000 0000 0000 0000 0000 0000 0000 0000 0000 0000 0000 0000 0000 0000 0000 0000 0000 0000 0000 0000 0000 0000 0000 0000 0000 0000 0000 0000 0000 0000 0000 0000 0000 0000 0000 0000 0000 0000 0000 0000 0000 0000 0000 0000 0000 0002 0003 0001 ffef ffef fff3 fff3 ffef fff2 fff3 ffed fffe 0000 ffff 0000 0000 0000 0000 0000 0000 0000 0000 0000 0000 0000 0000 0000 0000 0000 0000 0000 0000 0000 0000 0000 0000 0000 0000 0000
0000 0000 0000 0000 0000 0000 0000 0000 0000 0000 0000 0000 0000 0000 0000 0000 0000 0000 0000 0000 0000 0000 0000 0000 0000 0000 0000 0000 0000 0000 0000 0000 0000 0000 0000 0000 0000 0000 0000 0000 0000 0000 0000 0000 0000 0000 0000 0000 0000 0000 0000 0000 0000 0000 0000 0001 0000 ffff 0000 0001 0001 fff1 fff0 fff0 0001 0001 fff0 fff3 0003 ffef fff1 0000 fffd ffff 0000 0000 0000 0000 0000 0000 0000 0000 0000 0000 0000 0000 0000 0000 0000 0000 0000 0000 0000 0000 0000 0000 0000 0000
0000 0000 0000 0000 0000 0000 0000 0000 0000 0000 0000 0000 0000 0000 0000 0000 0000 0000 0000 0000 0000 0000 0000 0000 0000 0000 0000 0000 0000 0000 0000 0000 0000 0000 0000 0000 0000 0000 0000 0000 0000 0000 0000 0000 0000 0000 0000 0000 0000 0000 0000 0000 0000 0000 0001 0002 ffff fffe 0000 0000 0000 0001 0001 0000 ffff ffff 0000 0001 0001 fff2 fff3 0000 ffef fffe ffff 0000 0000 0000 0000 0000 0000 0000 0000 0000 0000 0000 0000 0000 0000 0000 0000 0000 0000 0000 0000 0000 0000 0000
0000 0000 0000 0000 0000 0000 0000 0000 0000 0000 0000 0000 0000 0000 0000 0000 0000 0001 0000 0000 0000 ffff 0000 0000 0000 0000 0000 0000 0000 0000 0000 0000 0000 0000 0000 0000 0000 0000 0000 0000 0000 0000 0000 0000 0000 0000 0000 0000 0000 0001 0000 ffff 0000 0001 0003 0000 fffd fff0 0000 0000 0000 0002 0002 0000 fffe fffe 0000 0000 0000 0001 0001 fff1 fff2 fff0 fffe 0000 0000 0000 0000 0000 0000 0000 0000 0000 0000 0000 0000 0000 0000 0000 0000 0000 0000 0000 0000 0000 0000 0000
0000 0000 0000 0000 0000 0000 0000 0000 0000 0000 0000 0000 0000 0000 0000 0000 0001 0003 ffff ffff 0001 fffe ffff 0000 0000 0000 0000 0000 0000 0000 0000 0000 0000 0000 0000 0000 0000 0000 0000 0000 0000 0000 0000 0000 0001 0001 0000 0000 ffff 0002 0001 fffe ffff 0001 0003 fffe ffee 0000 0000 0000 0000 0001 0001 fff1 fff0 fff0 0001 0000 ffff 0000 0000 0000 0002 0000 fff0 0000 ffff 0000 0000 0000 0000 0000 0000 0000 0000 0000 0000 0000 0000 0000 0000 0000 0000 0000 0000 0000 0000 0000
0000 0000 0000 0000 0000 0000 0000 0000 0000 0000 0000 0000 0000 0000 0000 0000 0002 0004 fffe ffee 0002 fff1 ffff ffff ffff 0000 0000 0000 0000 0000 0000 0000 0000 0000 0000 0000 0000 0000 0000 0000 0000 0000 0000 0001 0003 0002 0000 ffff fffd 0002 0002 ffef ffff 0000 0000 ffef fff0 0000 0000 0000 0000 0000 0000 0000 0000 0000 0002 0000 fffe 0000 0000 0000 0002 0000 0001 0000 fffd 0000 0000 0000 0000 0000 0000 0000 0000 0000 0000 0000 0000 0000 0000 0000 0000 0000 0000 0000 0000 0000
0000 0000 0000 0000 0000 0000 0000 0000 0000 0000 0000 0000 0000 0000 0000 0001 0002 0002 ffef ffee 0001 0002 fff3 ffff fffd ffff 0000 0000 0000 0000 0000 0000 0000 0000 0000 0000 0000 0000 0000 0000 0000 0000 0001 0003 0002 0000 fff1 ffef ffee fff3 0001 ffef fff3 fff3 fffd fffd 0000 0000 0000 0000 0000 0000 0000 0000 0000 0000 0001 0000 fff0 0000 0000 0000 0001 0000 fff4 0001 ffed ffff 0000 0000 0000 0000 0000 0000 0000 0000 0000 0000 0000 0000 0000 0000 0000 0000 0000 0000 0000 0000
0000 0000 0000 0000 0000 0000 0000 0000 0000 0000 0000 0000 0000 0000 0000 0002 0003 ffff fffd fff0 0000 0001 0004 fff2 ffed fffe 0000 0000 0000 0000 0000 0000 0000 0000 0000 0000 0000 0000 0000 0000 0000 0001 0002 0002 ffff ffef fff1 fff0 fff0 0001 0000 fff0 0003 0003 ffef ffee ffff 0000 0000 0000 0000 0000 0000 0000 0000 0000 0000 0000 0000 0000 0000 0000 0000 0000 0003 0003 ffef fffd ffff 0000 0000 0000 0000 0000 0000 0000 0000 0000 0000 0000 0000 0000 0000 0000 0000 0000 0000 0000
0000 0000 0000 0000 0000 0000 0000 0000 0000 0000 0000 0000 0000 0000 0000 0001 0004 fff0 ffed 0000 0000 0000 0003 0001 ffef fff0 ffff 0000 0000 0000 0000 0000 0000 0000 0000 0000 0000 0000 0000 0000 0000 0002 0001 ffff fff0 fff0 0000 0000 0000 0000 0000 0000 0001 0001 fff2 fff0 ffff 0000 ffff 0000 0000 0000 0000 0000 0000 0000 0000 0000 0001 0000 ffff 0000 0000 0000 0001 0004 fff3 ffed fffd 0000 0000 0000 0000 0000 0000 0000 0000 0000 0000 0000 0000 0000 0000 0000 0000 0000 0000 0000
0000 0000 0000 0000 0000 0000 0000 0000 0000 0000 0000 0000 0000 0000 0000 0001 0004 ffff ffed 0000 0000 0000 0001 0000 fff2 0001 fffe ffff 0000 0000 0000 0000 0000 0000 0000 0000 0000 0000 0000 0001 0001 0001 ffff ffef 0000 0000 0000 0000 0000 0000 0000 0000 0000 0000 0001 0000 fff2 0001 fffe ffff 0000 0000 0000 0000 0000 0000 0000 0000 0002 0000 fffe 0000 0000 0000 0000 0003 0004 ffef ffed ffff 0000 0000 0000 0000 0000 0000 0000 0000 0000 0000 0000 0000 0000 0000 0000 0000 0000 0000
0000 0000 0000 0000 0000 0000 0000 0000 0000 0000 0000 0000 0000 0000 0000 0002 0004 fffe ffed 0000 0000 0000 0000 0000 0001 0002 fff0 fffe 0000 0000 0000 0000 0000 0000 0000 0000 0000 0000 0000 0002 0003 0000 fffd fffe 0000 0000 0000 0000 0000 0000 0000 0000 0000 0000 0000 0000 0001 0002 fff0 ffff 0000 ffff 0000 0000 0000 0000 0000 0000 0001 0000 fff0 0000 0000 0000 0000 0001 0003 fff3 ffee fffd 0000 0000 0000 0000 0000 0000 0000 0000 0000 0000 0000 0000 0000 0000 0000 0000 0000 0000
0000 0000 0000 0000 0000 0000 0000 0000 0000 0000 0000 0000 0000 0000 0000 0001 0004 fff1 ffed ffff 0000 0000 0000 0000 0000 0001 0000 fff0 0000 0000 0000 0000 0000 0000 0000 0000 0001 0000 ffff 0001 0003 fff2 ffee ffef 0000 0000 0000 0000 0000 0000 0000 0000 0000 0001 0000 ffff 0000 0001 0000 fff3 0001 fffd ffff 0000 0000 0000 0000 0000 0000 0000 0000 0000 0000 0000 0000 0000 0001 0004 fff1 ffed ffff 0000 0000 0000 0000 0000 0000 0000 0000 0000 0000 0000 0000 0000 0000 0000 0000 0000
0000 0000 0000 0000 0000 0000 0000 0000 0000 0000 0000 0000 0000 0000 0000 0000 0004 0002 ffed fffe 0000 0000 0000 0000 0000 0000 0000 0000 0000 0000 0000 0000 0000 0000 0000 0001 0003 ffff fffd 0000 0001 0003 fff0 fffd 0000 0000 0000 0000 0000 0000 0000 0000 0000 0003 0000 fffd 0000 0000 0000 0003 0002 ffee fffe 0000 0000 0000 0000 0000 0001 0000 ffff 0000 0000 0000 0000 0000 0000 0004 0003 ffed fffd 0000 0000 0000 0000 0000 0000 0000 0000 0000 0000 0000 0000 0000 0000 0000 0000 0000
0000 0000 0000 0000 0000 0000 0000 0000 0000 0000 0000 0000 0000 0000 0000 0001 0004 0001 ffed ffef 0000 0000 0000 0000 0000 0000 0001 0001 ffff ffff 0000 0000 0000 0001 0000 0002 0003 fffd ffee 0000 0000 0004 0000 ffed 0000 0000 0000 0000 0000 0000 0000 0000 0000 0003 0000 ffef 0000 ffff 0000 0001 0001 fff1 fff1 ffff ffff 0000 0000 0000 0003 0000 fffd 0000 0000 0000 0000 0000 0000 0004 0003 ffed ffee 0000 0000 0000 0000 0000 0000 0000 0000 0000 0000 0000 0000 0000 0000 0000 0000 0000
0000 0000 0000 0000 0000 0000 0000 0000 0000 0000 0000 0000 0000 0000 0000 0002 0003 0000 ffee fffe 0000 0000 0000 0000 0000 0000 0002 0002 fffe fffe 0000 0000 0000 0003 0001 0000 0000 ffee fff0 0000 0000 0004 0000 ffed 0000 0000 0000 0000 0000 0000 0000 0000 0000 0001 0000 fff2 0000 fffe 0000 0000 0000 0002 0002 fffe fffe 0000 0000 0000 0003 0000 ffee 0000 0000 0000 0000 0000 0000 0003 0001 ffee fff0 0000 0000 0000 0000 0000 0000 0000 0000 0000 0000 0000 0000 0000 0000 0000 0000 0000
0000 0000 0000 0000 0000 0000 0000 0000 0000 0000 0000 0000 0000 0001 0001 0000 0000 fff2 fff0 ffef 0000 0000 0000 0000 0000 0000 0001 0001 fff1 fff0 ffff 0001 0001 0002 0001 ffef fffe fff0 0000 0000 0000 0004 0000 ffed 0000 0000 0000 0000 0000 0000 0000 0000 0000 0000 0000 0001 0001 fff0 ffff 0000 0000 0001 0001 fff0 fff0 0000 0000 0001 0001 ffff fff0 0000 0000 0000 0000 0000 0000 0001 0001 fff1 ffff ffff 0000 0000 0000 0000 0000 0000 0000 0000 0000 0000 0000 0000 0000 0000 0000 0000
0000 0000 0000 0000 0000 0000 0000 0000 0000 0000 0000 0000 0000 0003 0002 fffd fffe 0002 0000 ffff 0000 ffff 0000 0000 0000 0000 0000 0000 0002 0001 fffe 0001 0003 ffff fffe fff0 fff0 0000 0000 0000 0000 0004 0000 ffed 0000 0000 0000 0000 0000 0001 0000 ffff 0000 0000 0000 0000 0002 0000 fffe 0000 0000 0000 0000 0001 0000 ffff 0000 0002 0000 fffe 0000 0000 0000 0000 0000 0000 0000 0000 0003 0003 fffd fffd 0000 0000 0000 0000 0000 0000 0000 0000 0000 0000 0000 0000 0000 0000 0000 0000
0000 0000 0000 0000 0000 0000 0000 0000 0000 0000 0000 0000 0001 0003 0000 ffee fff0 0001 0001 fff2 ffff fffe 0000 0000 0000 0000 0000 0000 0001 0003 fff0 ffff 0003 ffef ffee 0000 0000 0000 0000 0000 0000 0003 0001 ffee ffff 0000 0000 0000 0000 0003 0000 fffd 0000 0000 0000 0000 0001 0000 fff0 0000 0000 0000 0000 0002 0000 ffff 0000 0000 0000 fff0 0000 0000 0000 0000 0000 0000 0000 0000 0003 0004 ffef ffed ffff 0000 0000 0000 0000 0000 0000 0000 0000 0000 0000 0000 0000 0000 0000 0000
0000 0000 0000 0000 0000 0000 0000 0000 0000 0001 0001 0000 0002 0001 fffd ffef 0000 0000 0002 0001 ffff fff0 ffff 0000 0000 0000 0000 0000 0001 0004 0000 ffef 0000 fffe fff0 0000 0000 0000 0000 0000 0000 0001 0003 fff0 fffd 0000 0000 0000 0001 0004 0000 ffed 0000 0000 ffff 0001 0001 0000 0000 ffff ffff 0000 0000 0001 0000 fff3 0001 fffd ffff 0000 0000 0000 0000 0000 0000 0000 0000 0000 0001 0004 fff3 ffee fffd ffff 0000 0000 0000 0000 0000 0000 0000 0000 0000 0000 0000 0000 0000 0000
0000 0000 0000 0000 0000 0000 0000 0000 0000 0002 0003 0000 0000 0001 ffee fffd 0000 0000 0002 0000 fff1 0001 fffe ffff 0000 0000 0000 0000 0002 0003 0001 ffef fffd fff0 0000 0000 0000 0000 0000 0000 0000 0000 0004 0001 ffed ffff 0000 0001 0003 0003 ffff ffee 0001 ffff fffd 0002 0002 0001 0001 fffd fffd 0000 0000 0000 0000 0003 0003 ffee fffd 0000 0000 0000 0000 0000 0000 0000 0000 0000 0000 0004 0004 fff0 ffed fffd 0000 0000 0000 0000 0000 0000 0000 0000 0000 0000 0000 0000 0000 0000
0000 0000 0000 0000 0000 0000 0000 0000 0001 0001 0002 fff1 ffef fff4 fff1 ffed ffff 0000 0002 0001 ffff 0001 fff0 fffe 0001 0000 ffff 0000 0001 0002 fff3 ffef ffee 0000 0000 0000 0000 0000 0000 0000 0000 0000 0003 0003 ffee fffd 0001 0002 0002 0001 ffef fff0 fff3 fffe ffee 0001 0001 fff3 fff3 ffee ffee 0001 0001 0000 0000 0000 0002 fff1 ffee ffff 0000 0000 0000 0000 0000 0000 0000 0000 0000 0004 0004 fff1 ffee ffed ffff 0000 0000 0000 0000 0000 0000 0000 0000 0000 0000 0000 0000 0000
0000 0000 0000 0000 0000 0000 0000 0000 0003 0000 fffe 0000 fff0 0003 0003 ffee fffe 0000 0000 0002 fff0 ffff 0000 fff0 0002 0000 fffe 0000 0000 0002 0001 ffff fff0 ffff 0000 0000 0000 0000 0000 0000 0000 0000 0001 0004 fff1 ffed 0001 0001 ffff fff1 fff0 fff1 0002 fff0 ffef 0000 0000 0001 0001 fff0 fff1 0003 0002 0000 0000 fffd fffe 0002 fff0 fffe 0000 0000 0000 0000 0000 0000 0000 0000 0000 0003 0004 fff1 fff0 ffef fffd ffff 0000 0000 0000 0000 0000 0000 0000 0000 0000 0000 0000 0000
0000 0000 0000 0000 0000 0000 0000 0000 0004 0001 ffed ffff 0000 0001 0004 fff0 ffef 0000 fffe 0001 0000 fff0 0000 0000 0001 0000 fff0 0000 0000 0001 0000 fff3 0000 fffd 0000 0000 0000 0000 0000 0000 0000 0000 0000 0003 0003 ffef fffe ffff fff0 0000 0000 0000 0002 0000 fffe 0000 0000 0000 0001 0001 0002 0003 0001 fff1 fff1 ffee ffed 0000 0000 fff0 0000 0000 0000 0000 0000 0000 0000 0000 0000 0001 0004 fff1 fff0 fff3 ffef fffd ffff 0000 0000 0000 0000 0000 0000 0000 0000 0000 0000 0000
0000 0000 0000 0000 0000 0000 0000 0000 0003 0003 ffee fffd 0000 0001 0004 ffff ffee 0000 fff0 0000 0000 0000 0000 0000 0000 0000 0000 0000 0000 0000 0000 0003 0000 ffee 0000 0000 0000 0000 0000 0000 0000 0000 0000 0001 0003 fff2 ffef fffe 0000 0000 ffff 0001 0001 ffff fff0 0000 0000 0000 0003 0002 0000 0002 fff1 fff0 fff2 fff1 ffed fffd 0001 0001 ffff ffff 0000 0000 0000 0000 0000 0000 0000 0000 0004 0000 ffee 0003 fff3 ffee fffd 0000 0000 0000 0000 0000 0000 0000 0000 0000 0000 0000
0000 0000 0000 0000 0000 0000 0000 0000 0001 0003 fff0 ffee 0000 0003 0003 fffd ffee 0000 0000 0000 0000 0000 0000 0000 0000 0000 0000 0000 0000 0000 0000 0002 0001 ffef ffff 0000 0000 0000 0000 0000 0000 0000 0000 0000 0001 0001 fff2 fff0 0000 0000 fffe 0003 0000 fffd 0000 0000 0000 0000 0003 0001 ffef fff3 fff2 ffef fff2 fff3 ffee ffee 0002 0003 fffe fffd 0000 0000 0000 0000 0000 0000 0000 0000 0003 0000 ffee 0001 0004 fff0 ffed 0000 0000 0000 0000 0000 0000 0000 0000 0000 0000 0000
0000 0000 0000 0000 0000 0000 0000 0000 0001 0001 ffff fff0 0000 0004 0002 ffed ffef 0000 0000 0000 0000 0000 0000 0000 0000 0000 0000 0000 0000 0000 0000 0002 0002 fffe fffe 0000 0000 0000 0000 0000 0000 0000 0000 0000 0000 0001 0001 ffff fff1 0001 fff0 0002 0000 ffee 0000 0000 0000 0000 0002 0001 ffef 0000 0002 fff0 ffff 0001 fff0 fff0 0001 0003 fff1 ffee ffff 0000 0000 0000 0000 0000 0000 0000 0001 0001 fff0 ffff 0004 0001 ffed ffff 0000 0000 0000 0000 0000 0000 0000 0000 0000 0000
0000 0000 0000 0000 0000 0000 0001 0000 0001 0001 ffff ffff ffff 0003 0003 ffee fffd 0000 0000 0000 0000 0000 0000 0000 0000 0000 0000 0000 0000 0000 0000 0001 0001 fff0 fff0 0000 0000 0000 0000 0001 0000 0000 0001 ffff 0000 0002 ffff fffe 0000 0002 0000 ffff 0000 fff0 0000 0000 0000 0001 0002 0001 fffe fffe 0001 0001 fff1 ffff ffff 0000 0000 0001 0002 fff1 fffe ffff 0000 0000 0000 0000 0000 0000 0001 0003 ffff fffd 0003 0003 ffee fffd 0000 0000 0000 0000 0000 0000 0000 0000 0000 0000
0000 0000 0000 0000 0000 0000 0003 0000 fffe 0003 fff3 fffd fffd 0001 0004 fff1 ffed ffff 0000 0000 0000 0000 0000 0000 0000 0000 0000 0000 0000 0000 0000 0000 0001 0000 ffff 0000 0000 0000 0001 0003 0000 ffff 0001 ffff 0000 0001 fffe ffef 0000 0002 0000 ffef 0000 0000 0000 0000 0001 0002 0000 ffff fff0 fff0 0000 0002 0002 fffe fffe 0000 0000 0000 0001 0002 fff0 fffe 0000 0000 0000 0000 0000 0000 0002 0004 fffe ffed 0001 0004 fff1 ffed ffff 0000 0000 0000 0000 0000 0000 0000 0000 0000
0000 0000 0000 0000 0000 0000 0004 0000 ffed 0003 0003 ffef ffee ffff 0003 0003 ffef fffd 0000 0000 ffff 0000 0000 0000 0000 0000 0000 0000 0000 0000 0000 0001 0002 0000 fffe ffff 0000 0001 0002 0002 0000 ffef ffff fff2 fff1 0001 fff0 fffe 0000 0002 0000 fffe 0000 ffff 0000 0000 0003 0001 fffd fff0 0000 0000 0000 0001 0001 fff0 fff0 0000 0000 0000 0000 0001 0000 fff0 0000 0000 0000 0000 0000 0000 0001 0004 fff0 ffed 0000 0003 0002 ffee fffe 0000 0000 0000 0000 0000 0000 0000 0000 0000
0000 0000 0000 0000 0000 0000 0004 0000 ffed 0001 0001 fff2 fff1 fffe 0000 0003 fff3 ffef ffff ffff fffe 0000 0000 0000 0000 0000 0000 0000 0000 0000 0000 0003 0002 0000 fff0 fffd ffff 0003 0001 fffe fff1 fff0 fff0 0001 0000 fff3 0000 fff1 0001 0000 ffff fff0 0000 fffe 0000 0001 0003 ffff ffee 0000 0000 0000 0000 0000 0000 0000 0000 0000 0000 0000 0000 0000 0001 0000 ffff 0000 0000 0000 0000 0000 0000 0004 0000 ffed 0000 0001 0002 fff0 ffef 0000 0000 0000 0000 0000 0000 0000 0000 0000
0000 0000 0000 0000 0000 0000 0004 0000 ffed 0000 0000 0001 0002 fff1 fffe 0001 0003 fff2 ffef fffd fff1 0000 ffff 0000 0000 0000 0000 0000 0000 0000 0000 0003 0002 fff2 0001 ffee fffd 0002 0000 ffee 0000 0000 0000 0000 0000 0001 0000 fff3 0003 fff0 fffd fff0 0000 fff0 0000 0003 0001 fffd fff0 0000 0001 0000 ffff 0000 0000 0000 0000 0000 0000 0000 0000 0001 0002 ffff fffe 0000 0000 0000 0000 0000 0000 0004 0000 ffed 0000 0000 0002 0001 fffe ffff 0000 0000 0000 0000 0000 0000 0000 0000
0000 0000 0000 0000 0000 0000 0004 0000 ffed 0000 0000 0000 0001 0002 fff0 0001 0001 0000 fff0 ffee 0003 0000 fffd 0000 0000 0000 0000 0000 0000 0000 0000 0001 0001 fff3 fff4 fff1 ffed fffe 0000 fff0 0000 0000 0000 0000 0000 0000 0000 0001 0003 fff2 ffee fffe 0000 0000 0000 0003 0000 ffee 0000 0001 0002 0000 fffe ffff 0000 0000 0000 0000 0000 0000 0000 0002 0002 fffe ffef 0000 0000 0000 0000 0000 0000 0003 0001 ffee ffff 0000 0001 0003 fff1 fffd ffff 0000 0000 0000 0000 0000 0000 0000
0000 0000 0000 0000 0000 0000 0003 0001 ffee ffff 0000 0000 0000 0001 0000 fff4 0000 ffee 0000 fff0 0003 0001 ffee ffff 0000 0000 0000 0000 0000 0000 0000 0000 0000 0001 0004 fff4 ffed ffed 0000 0000 0000 0000 0000 0000 0000 0000 0000 0000 0001 0001 fff0 fff1 0000 ffff 0000 0001 0000 fff0 0000 0002 0001 0000 fff0 fffe 0000 0000 0000 0000 0000 0000 0000 0001 0003 fff1 fffd ffff 0000 0000 0000 0000 0000 0001 0002 fff1 ffff ffff ffff 0004 0002 ffed fffe 0000 0000 0000 0000 0000 0000 0000
0000 0000 0000 0000 0000 0000 0001 0002 fff1 fffe ffff 0000 0000 0000 0000 0004 0000 ffed 0000 0000 0001 0002 fff0 fffe 0000 0000 0000 0000 0000 0000 0000 0000 0000 0000 0004 0004 ffed ffed 0000 0000 0000 0000 0000 0000 0000 0000 0000 0000 0000 0000 0000 0003 0000 fffd 0000 0001 0000 ffff 0000 0002 0001 fff0 ffff fff0 0000 0000 0000 0000 0000 0000 0000 0000 0003 0003 ffee fffd 0000 0000 0000 0000 0000 0001 0001 0002 fff2 fffd fffe 0004 0001 ffed fff0 0000 0000 0000 0000 0000 0000 0000
0000 0000 0000 0000 0000 0000 0000 0001 0002 fff0 fffe 0000 0000 0001 0001 0002 ffff ffee 0000 0000 0000 0001 0000 fff0 0000 0000 0000 0000 0000 0000 0000 0000 0000 0000 0003 0003 ffee ffee 0000 0000 0000 0000 0000 0000 0000 0000 0000 0000 0000 0000 0000 0003 0000 ffee 0000 0003 0000 fffd 0001 0003 0002 fffd fffd 0000 0000 0000 0000 0000 0000 0000 0000 0000 0002 0003 ffef ffee 0000 0000 0000 0000 0000 0003 0000 0000 0002 ffef ffef 0002 0001 ffee ffff 0000 0000 0000 0000 0000 0000 0000
0000 0000 0000 0000 0000 0000 0000 0000 0001 0000 fff0 0001 0001 0001 0001 ffff fffe fff0 0000 0000 0000 0000 0000 0000 0000 0000 0000 0000 0000 0000 0000 0000 0000 0000 0002 0001 ffef fff0 0000 0000 0000 0000 0000 0000 0000 0000 0000 0000 0000 0000 0000 0001 0000 fff0 0000 0004 0000 ffed 0002 0003 0002 ffee ffed 0000 0000 0000 0000 0000 0000 0000 0000 0000 0002 0002 fffe ffef 0000 0000 0000 0000 0000 0004 0000 ffee 0002 fff3 fffe fffe 0003 fff1 fffd ffff 0000 0000 0000 0000 0000 0000
0000 0000 0000 0000 0000 0000 0000 0000 0000 0000 0000 0003 0003 fffe fffe fff0 fff0 0000 0000 0000 0000 0000 0000 0000 0000 0000 0000 0000 0000 0000 0000 0000 0000 0000 0003 0001 fffd ffff 0000 0000 0000 0000 0000 0000 0000 0000 0000 0000 0000 0000 0000 0000 0000 0000 0000 0003 0000 ffee 0001 0002 fff3 ffef ffee 0000 0000 0000 0000 0000 0000 0000 0000 0001 0001 0002 fff1 fffd ffff 0000 0000 0000 0000 0004 0000 ffed 0001 0003 fff1 ffee 0002 0003 ffee fffd 0000 0000 0000 0000 0000 0000
0000 0000 0000 0000 0000 0000 0000 0000 0000 0000 0000 0003 0004 ffef ffed ffff 0000 0000 0000 0000 0000 0000 0000 0000 0000 0000 0000 0000 0000 0000 0000 0000 0001 0001 0003 0001 ffed fffe 0000 0000 0000 0000 0000 0000 0000 0000 0000 0000 0000 0000 0000 0000 0000 0000 0000 0001 0000 fff1 0000 0001 0001 fffe fff0 0000 0000 0000 0000 0000 0001 0000 ffff 0002 0000 0001 0003 ffee fffd 0000 0000 0000 0000 0003 0000 ffee 0000 0001 0002 fff0 ffff 0003 fff0 ffee 0000 0000 0000 0000 0000 0000
0000 0000 0000 0000 0000 0000 0000 0000 0000 0000 0000 0001 0004 fff2 ffee fffe ffff 0000 0000 0000 0000 0000 0000 0000 0000 0000 0000 0000 0000 0000 0000 0000 0002 0003 0001 ffff ffee ffef 0000 0000 0000 0000 0000 0000 0000 0000 0000 0000 0000 0000 0000 0000 0000 0001 0000 ffff 0000 0002 0000 ffff 0000 fff0 0001 0000 ffff 0000 0001 0000 0001 0000 fffe 0001 0000 fff1 0004 fff0 ffed 0000 0000 0000 0000 0001 0000 fff0 0000 0000 0001 0000 fff1 0001 ffff fff0 0000 0000 0000 0000 0000 0000
0000 0000 0000 0000 0000 0000 0000 0000 0000 0000 0000 0000 0003 0002 fff1 fff0 fffe ffff ffff 0000 0000 0000 0001 0000 ffff 0000 0000 0000 0000 0000 0000 0001 0001 0002 fff1 fff1 fff0 fffd 0000 0000 0000 0000 0000 0000 0000 0000 0000 0000 0000 0000 0000 0000 0001 0002 ffff fffe 0000 0001 0000 fff0 0001 0000 0002 0000 fffd 0001 0003 ffff fffe 0000 fff0 0000 0000 0000 0004 0000 ffed 0000 0000 0000 0000 0000 0000 0000 0000 0000 0001 0001 0001 ffff fffe 0000 0000 0000 0000 0000 0000 0000
0000 0000 0000 0000 0000 0000 0000 0000 0000 0000 0000 0000 0001 0002 fff3 0000 fff1 ffff fffe ffff ffff 0000 0002 0000 fffe 0000 0000 0000 0000 0000 0001 0002 ffff ffff 0000 fff3 0001 ffee ffff 0000 0000 0000 0000 0000 0000 0000 0000 0000 0000 0000 0000 0001 0003 0000 fffd fff1 0000 0000 0001 0000 0002 0000 0001 0000 ffed 0001 0003 fffe ffee 0000 0000 0000 0000 0000 0003 0000 ffee 0000 0000 0000 0000 0000 0000 0000 0000 0000 0002 0002 ffff ffff fff0 ffff 0000 0000 0000 0000 0000 0000
0000 0000 0000 0000 0000 0000 0000 0000 0000 0000 0000 0000 0000 0001 0001 fff1 fff3 fff2 fff0 fffe fffe 0000 0001 0000 fff0 0000 0000 0000 0000 0001 0002 0000 fffe fff0 0000 0002 0003 ffef fffd 0000 0000 0000 0000 0000 0000 0000 0000 0000 0000 0000 0000 0003 0004 fffe ffee 0002 0000 0000 0002 0000 0001 0000 fff1 ffff ffed ffff 0002 fff0 ffef 0000 0000 0000 0000 0000 0001 0001 fff0 ffff 0000 0000 0000 0000 0000 0000 0000 0000 0002 0001 ffef fff3 0001 fffd ffff 0000 0000 0000 0000 0000
0000 0000 0000 0000 0000 0000 0000 0000 0000 0000 0000 0000 0000 0000 0000 0000 0001 0001 fff1 fff0 fff0 0000 0000 0000 0000 0000 0000 0001 0001 0001 0000 fffe fff0 0000 0000 0003 0004 fffe ffee ffff ffff 0000 0000 0000 0000 0000 0000 0000 0000 0001 0001 0003 0003 fff0 fff0 0001 0000 fff1 0001 fff1 fff1 fff1 fff1 ffee ffed fff0 0002 0000 fffe 0000 0000 0000 0000 0000 0001 0003 0000 fffe 0000 ffff ffff 0000 0000 0000 0000 0000 0003 0001 fffd 0003 0002 ffed fffe 0000 0000 0000 0000 0000
0000 0000 0000 0000 0000 0000 0000 0000 0000 0000 0000 0000 0000 0000 0000 0000 0000 0000 0000 0000 0000 0000 0000 0000 0000 0000 0000 0002 0002 ffff fffe fff0 0000 0000 0000 0004 0004 fff0 fff0 fffe fffe ffff ffff 0000 0000 0000 0000 0001 0001 0002 0002 0001 0001 fff1 fff1 fff1 fff1 fff1 fff1 fff1 fff1 fff1 fff0 ffed ffee 0001 0001 ffff fff0 0000 0000 0000 0000 0000 0002 0003 0000 fff0 0000 ffff fffe ffff 0000 0000 0000 0000 0004 0002 ffed 0002 0001 ffed fff0 0000 0000 0000 0000 0000
0000 0000 0000 0000 0000 0000 0000 0000 0000 0000 0000 0000 0000 0000 0000 0000 0000 0000 0001 0000 ffff 0000 0000 0000 0000 0001 0000 0000 0001 fff0 fff0 0000 0000 0000 0000 0003 0004 fff2 fff1 fff0 fff0 fffd fffd 0001 0001 0000 0000 0002 0002 0001 0001 fff1 fff1 fff1 fff1 fff1 fff1 fff1 fff1 fff1 fff1 fff1 ffef ffed ffef 0003 0000 fffd 0000 0000 0000 0001 0000 ffff 0001 0001 fff1 fff1 fff1 fff2 fff1 fffe ffff 0000 0000 0001 0004 0000 ffed fff4 0000 ffed 0000 0000 0000 0000 0000 0000
0000 0000 0000 0000 0000 0000 0000 0000 0000 0000 0000 0000 0000 0000 0000 0000 0000 0000 0002 0000 fffe 0001 0001 0000 0000 0002 ffff fffd 0000 0000 0000 0000 0000 0000 0000 0001 0004 fff3 fff0 fff2 fff2 ffee ffee 0002 0002 0000 0000 0001 0001 fff1 fff1 fff1 fff1 fff1 fff1 fff1 fff1 fff1 fff0 fff1 fff2 fff0 ffef ffee fffe 0003 0000 ffee 0000 0000 0000 0002 0000 fffe 0000 0000 0000 0000 0000 0001 0003 fff0 fffd 0000 0000 0003 0003 fffd ffee 0004 0000 ffed 0000 0000 0000 0000 0000 0000
0000 0000 0000 0000 0000 0000 0000 0000 0000 0000 0000 0000 0000 0000 0000 0000 0000 0000 0001 0000 fff0 0002 0002 0000 0001 0002 fffd ffed 0000 0000 0000 0000 0000 0000 0000 0000 0004 0001 ffee fff3 fff4 fff1 fff0 0001 0001 fff1 fff1 fff1 fff1 fff1 fff0 fff1 fff2 fff1 fff1 fff1 fff1 fff1 ffee fff0 fff3 ffef ffef fff0 fff0 0002 0000 ffef 0000 0000 0000 0001 0000 fff0 0000 0000 0000 0000 0000 0000 0004 0000 ffed 0000 0001 0003 0000 ffee fff0 0004 0000 ffed 0000 0000 0000 0000 0000 0000
0000 0000 0000 0000 0000 0000 0000 0000 0000 0000 0000 0000 0000 0000 0000 0000 0000 0000 0000 0000 0000 0002 0001 fff0 fff3 fff4 ffef ffed ffff 0000 0000 0000 0000 0000 0000 0000 0003 0001 ffee 0000 0003 fff3 fff2 fff2 fff0 fff0 fff2 fff2 fff1 fff1 ffef fff0 fff2 fff2 fff2 fff0 fff0 fff1 ffee ffef 0001 fff0 fff0 0000 0000 0003 0000 fffd 0000 0000 0000 0000 0000 0001 0001 0000 ffff ffff 0000 0000 0003 0001 ffee ffff 0002 0001 fffe fff0 0000 0004 0000 ffed 0000 0000 0000 0000 0000 0000
0000 0000 0000 0000 0000 0000 0000 0000 0000 0000 0000 0000 0000 0000 0000 0000 0000 0000 0000 0000 0000 0003 0000 fffd 0001 0004 fff3 ffed fffd 0000 0000 0000 0000 0000 0000 0000 0001 0003 fff0 fffd 0001 0001 fff3 fff3 ffef fff0 fff4 fff3 fff1 fff0 ffef ffef ffff fff3 fff3 ffef ffef fff1 fff0 fff0 0000 0000 0000 0000 0000 0003 0000 ffee 0000 0000 0000 0000 0000 0002 0002 0000 fffe fffe 0000 0000 0002 0003 ffef fffd 0001 0000 fff0 0000 0000 0004 0000 ffed 0000 0000 0000 0000 0000 0000
0000 0000 0000 0000 0000 0000 0000 0000 0000 0000 0000 0000 0000 0000 0000 0000 0000 0000 0000 0000 0000 0003 0000 ffee 0000 0003 0004 ffef ffed ffff 0000 0000 0000 0000 0000 0000 0000 0004 0000 ffed 0000 0000 0001 0001 fff1 fff3 0002 0001 fff2 ffef ffee fff0 fff0 0001 0002 fff0 ffef ffff 0000 0000 0000 0000 0000 0000 0000 0001 0000 fff0 0000 0000 0000 0000 0000 0001 0001 fff1 fff0 fff0 0000 0000 0003 0004 fffd ffed 0000 0000 0000 0000 0000 0004 0000 ffed 0000 0000 0000 0000 0000 0000
0000 0000 0000 0000 0000 0000 0000 0000 0000 0000 0000 0000 0000 0000 0000 0000 0000 0000 0000 0000 0001 0002 ffff ffef 0000 0001 0003 fff3 ffef fffd ffff 0000 0000 0000 0000 0000 0000 0003 0001 ffee ffff 0000 0000 0000 0002 0003 ffff fff1 fff4 fff1 ffed ffff 0000 0000 0002 0000 fffe fffe 0000 0000 0000 0000 0000 0000 0000 0000 0000 0000 0000 0000 0001 0000 ffff 0000 0000 0000 0000 0000 0000 0000 0003 0003 ffee ffee 0000 0000 0000 0000 0000 0003 0000 ffee 0000 0000 0000 0000 0000 0000
0000 0000 0000 0000 0000 0000 0000 0000 0000 0000 0000 0000 0000 0000 0000 0000 0000 0000 0000 0000 0003 0003 fffd fffd 0000 0000 0001 0003 fff2 ffee fffe 0000 0000 0000 0000 0000 0000 0001 0002 fff0 fffe 0000 0000 0000 0001 0001 fff1 fff1 0002 fff3 ffee ffef 0000 fff1 0001 fff1 fff0 fff0 0000 0000 0000 0000 0000 0000 0000 0000 0000 0000 0000 0000 0002 0000 fffe 0000 0000 0000 0000 0000 0000 0000 0002 0001 ffef fff0 0000 0000 0000 0000 0000 0001 0000 fff0 0000 0000 0000 0000 0000 0000
0000 0000 0000 0000 0000 0000 0000 0000 0000 0000 0000 0000 0000 0000 0000 0000 0000 0000 0000 0000 0003 0003 ffee ffee 0000 0000 0000 0001 0001 fff1 fff0 ffff 0000 0000 0000 0000 0000 0000 0001 0000 fff1 0000 ffff 0000 0000 0000 0003 0000 fffe 0002 fff0 fff0 0001 0000 ffff 0000 0000 ffff 0000 0000 0000 0000 0000 0000 0000 0000 0000 0000 0000 0000 0001 0000 fff0 0000 0000 0000 0000 0000 0000 0001 0002 ffff fffe 0000 0000 0000 0000 0000 0000 0000 0000 0000 0000 0000 0000 0000 0000 0000
0000 0000 0000 0000 0000 0000 0000 0000 0000 0000 0000 0000 0000 0000 0000 0000 0000 0000 0000 0000 0001 0001 fff0 fff0 0000 0000 0000 0000 0000 0003 0000 fffe 0000 ffff 0000 0000 0000 0000 0000 0000 0003 0001 fffd ffff 0000 0000 0003 0000 ffef 0002 ffff 0000 0002 0000 fffe 0000 0000 fffe 0000 0000 0000 0000 0000 0000 0000 0000 0000 0000 0000 0000 0000 0000 0000 0000 0000 0000 0000 0000 0000 0002 0002 fffe ffef 0000 0000 0000 0000 0000 0000 0001 0000 ffff 0000 0000 0000 0000 0000 0000
0000 0000 0000 0000 0000 0000 0000 0000 0000 0000 0000 0000 0000 0000 0000 0000 0000 0000 0000 0000 0000 0001 0000 ffff 0000 0000 0000 0000 0000 0003 0001 fff0 ffff fffe 0000 0000 0000 0000 0000 0000 0003 0003 ffef fffd ffff 0000 0001 0001 fff3 0000 fffd fff1 0001 fff1 fff1 fff1 ffff fff0 0000 0000 0000 0000 0000 0000 0000 0000 0000 0000 0000 0000 0000 0000 0000 0000 0000 0000 0000 0000 0000 0001 0002 fff0 fffe 0000 0000 0000 0000 0000 0000 0003 0000 fffd 0000 0000 0000 0000 0000 0000
0000 0000 0000 0000 0000 0000 0000 0000 0000 0000 0000 0000 0000 0000 0000 0000 0000 0000 0000 0000 0000 0003 0001 fffd ffff 0000 0000 0000 0000 0001 0002 fff1 ffff fff0 ffff 0000 0000 0000 0000 0000 0001 0003 fff2 ffee fffe 0000 0000 0002 0004 fffe ffed 0000 0000 0000 0002 0000 fffe 0000 0000 0000 0000 0000 0000 0000 0000 0000 0000 0000 0000 0000 0000 0000 0000 0000 0000 0000 0000 0001 0001 ffff 0000 0000 fff0 0000 0000 0000 0000 0000 0000 0003 0000 ffee 0000 0000 0000 0000 0000 0000
0000 0000 0000 0000 0000 0000 0000 0000 0000 0000 0000 0000 0000 0000 0000 0000 0000 0000 0000 0000 0000 0003 0002 ffee fffe 0000 0000 0000 0000 0000 0001 0000 fff2 0000 fffe 0000 0000 0000 0000 0000 0000 0002 0001 fff0 fff0 ffff 0000 0001 0003 fff1 ffee ffff 0000 0001 0001 ffff fff0 0000 0000 0000 0000 0000 0000 0000 0000 0000 0000 0000 0000 0000 0000 0000 0000 0000 0000 0000 0000 0003 0002 fffd fffe 0000 0000 0000 0000 0000 0000 0000 0001 0001 ffff fff0 0000 0000 0000 0000 0000 0000
0000 0000 0000 0000 0000 0000 0000 0000 0000 0000 0000 0000 0000 0000 0000 0000 0000 0000 0000 0000 0000 0001 0002 fff0 ffef 0000 0000 0000 0000 0000 0000 0000 0001 0001 fff0 ffff 0000 0000 0000 0000 0000 0003 0000 0000 0000 fffd 0000 0000 0001 0002 fff1 fffe 0000 0002 ffff fffe 0000 0000 0000 0000 0000 0000 0000 0000 0000 0000 0000 0001 0000 ffff 0000 0000 0001 0001 ffff ffff 0000 0003 0001 ffee fff0 0000 0000 0000 0000 0000 0000 0000 0003 0000 fffd 0000 0000 0000 0000 0000 0000 0000
0000 0000 0000 0000 0000 0000 0000 0000 0000 0000 0000 0000 0000 0000 0000 0000 0000 0000 0000 0000 0000 0000 0003 0001 fffd ffff 0000 0000 0000 0000 0000 0000 0000 0002 0001 fffe ffff 0000 0001 0000 ffff 0003 0000 fff1 0000 ffee 0000 0000 0000 0001 0002 fff0 0000 0001 fffe fff0 0000 0000 0000 0000 0000 0000 0000 0000 0000 0001 0000 0002 0000 fffd 0001 0000 0001 0002 ffff fffe ffff 0001 0000 fff0 0000 0000 0000 0000 0000 0000 0000 0001 0003 ffff ffee 0000 0000 0000 0000 0000 0000 0000
0000 0000 0000 0000 0000 0000 0000 0000 0000 0000 0000 0000 0000 0000 0000 0000 0000 0000 0000 0000 0000 0000 0004 0002 ffed fffe 0000 0000 0000 0000 0000 0000 0000 0001 0002 fff1 ffff ffff 0001 0000 fffe 0001 0000 fff1 0000 fff0 0000 0000 0000 0000 0001 0000 fff1 0000 fff0 0000 0000 0001 0001 ffff 0000 0000 0000 0000 0000 0003 ffff 0000 0000 ffee 0002 0000 ffff 0001 fff3 fff1 fffd ffff 0000 0000 0000 0000 0000 0000 0000 0000 0000 0002 0001 fffe fff0 0000 0000 0000 0000 0000 0000 0000
0000 0000 0000 0000 0000 0000 0000 0000 0000 0000 0000 0000 0000 0000 0000 0000 0000 0000 0000 0000 0000 0000 0003 0001 ffee fff0 0000 0000 0000 0000 0000 0000 0000 0000 0001 0003 fff3 fffd fffe 0000 fff0 0000 0001 0000 ffff 0001 0000 ffff 0000 0000 0000 0000 0000 0000 0001 0001 0000 0002 0001 fffd 0000 0001 0001 ffff 0000 0004 fffe ffef ffff ffef 0001 0000 fff0 0000 0004 0003 ffed fffd 0000 0000 0000 0000 0000 0000 0000 0000 0000 0001 0000 fff0 0000 0000 0000 0000 0000 0000 0000 0000
0000 0000 0000 0000 0000 0000 0000 0000 0000 0000 0000 0000 0000 0000 0000 0000 0000 0000 0000 0000 0000 0000 0001 0001 fff1 ffff ffff 0000 0000 0000 0000 0000 0000 0001 0001 0002 0002 ffee ffee 0000 0000 0001 0002 ffff fffe 0002 0000 ffff 0001 0000 ffff ffff 0000 0001 0003 0002 ffff 0000 ffff ffee fff2 0002 fff2 fffe fff1 0003 fff0 fff1 fffe fffe 0000 ffff 0000 0001 0004 0002 ffed ffee 0000 0000 0000 0000 0000 0000 0000 0000 0000 0000 0000 0000 0000 0000 0000 0000 0000 0000 0000 0000
0000 0000 0000 0000 0000 0000 0000 0000 0000 0000 0000 0000 0000 0000 0000 0000 0000 0000 0000 0000 0000 0000 0000 0002 0003 fffe fffd 0000 0000 0000 0000 0000 0000 0003 0002 fffe ffff fff0 fff0 0000 0001 0002 0000 fffe fff0 0001 0000 fff2 0002 0001 ffff fffe 0000 0001 0002 0001 ffef ffef fff0 fff0 0002 0001 ffff fff0 fff1 0001 fff1 fff3 fff1 fff1 0000 fffe ffff 0002 0003 fffe ffee fff0 0000 0000 0000 0000 0000 0000 0000 0001 0000 ffff 0000 0000 0000 0000 0000 0000 0000 0000 0000 0000
0000 0000 0000 0000 0000 0000 0000 0000 0000 0000 0000 0000 0000 0000 0000 0000 0000 0000 0000 0000 0000 0000 0000 0001 0004 fff1 ffed ffff 0000 0000 0000 0001 0001 0003 0000 ffed fff0 0000 0000 0000 0003 0001 fffd fff0 0000 0000 0000 0001 0001 fff3 fff2 fff0 0001 ffff fffe fff1 fff0 fff0 0000 0000 0001 0000 fff0 0000 0000 0000 0000 0001 0002 fff4 0001 fff0 fffd 0000 0001 ffee fff0 0000 0000 0000 0000 0000 0000 0000 0000 0003 0001 fffd ffff 0000 0000 0000 0000 0000 0000 0000 0000 0000
0000 0000 0000 0000 0000 0000 0000 0000 0000 0000 0000 0000 0000 0000 0000 0000 0000 0000 0000 0000 0000 0000 0000 0000 0004 0003 ffed fffd 0000 0001 0000 0002 0003 0000 fffd ffee 0000 0000 0000 0001 0004 0000 ffed ffff 0000 0000 0001 0001 ffff 0000 0001 fff1 fff4 fff0 ffed 0000 0000 0000 0001 0000 ffff 0000 0000 0000 0000 0000 0000 0000 0001 0003 fff3 fff2 ffee ffee 0000 fff0 0000 0000 0000 0000 0000 0000 0000 0000 0001 0003 0001 ffee fffe 0000 0000 0000 0000 0000 0000 0000 0000 0000
0000 0000 0000 0000 0000 0000 0000 0000 0000 0000 0000 0000 0000 0000 0000 0000 0000 0000 0000 0000 0000 0000 0000 0000 0003 0004 ffee ffed 0000 0002 0000 0001 0003 ffef ffef fff0 ffff 0001 0001 0001 0002 0000 ffee fffe 0000 0000 0002 0002 fffe fffe 0000 0000 0004 0001 ffed ffff 0000 0001 0002 ffff fffe 0000 0000 0000 0000 0000 0000 0000 0000 0001 0001 fff3 fff0 ffef 0000 ffff 0000 0000 0000 0000 0000 0000 0000 0000 0002 0001 ffff fff0 fff0 0000 0000 0000 0000 0000 0000 0000 0000 0000
0000 0000 0000 0000 0000 0000 0000 0000 0000 0000 0000 0000 0000 0000 0000 0000 0000 0000 0000 0000 0000 0000 0000 0000 0001 0003 fff1 ffee ffff 0001 0000 fff1 0001 fff0 fff3 0000 fffd 0002 0002 ffff ffff fff1 fff0 fff0 0000 0000 0001 0001 fff0 fff0 0000 0000 0003 0002 ffef fffe 0000 0003 0001 fffd ffef 0000 0000 0000 0000 0000 0000 0000 0000 0000 0000 0001 0000 fff2 0000 fffe 0000 0000 0000 0000 0000 0000 0000 0000 0001 0000 fff0 0000 0000 0000 0000 0000 0000 0000 0000 0000 0000 0000
0000 0000 0000 0000 0000 0000 0000 0000 0000 0000 0000 0000 0000 0000 0000 0000 0000 0000 0000 0000 0000 0000 0000 0000 0000 0001 0003 fff1 fffd ffff 0000 0000 0000 0000 0003 0000 ffef 0001 0000 fff0 fff0 0000 0000 0000 0000 0000 0000 0000 0000 0000 0000 0000 0001 0001 fff2 fff0 0000 0003 0000 ffee ffff 0001 ffff ffff 0000 0000 0000 0000 0000 0000 0000 0000 0000 0002 0000 fff0 0000 ffff 0000 0000 0000 0000 0001 0000 ffff 0000 0000 0000 0000 0000 0000 0000 0000 0000 0000 0000 0000 0000
0000 0000 0000 0000 0000 0000 0000 0000 0000 0000 0000 0000 0000 0000 0000 0000 0000 0000 0000 0000 0000 0000 0000 0000 0000 0000 0003 0003 ffef fffd ffff 0000 0000 0001 0001 ffff fff2 0001 ffff ffff ffff 0000 0000 0000 0000 0000 0000 0001 0001 ffff ffff 0000 0000 0000 0001 0000 fff1 0001 fff1 fff0 fff2 0002 ffff ffff ffff ffff 0000 0000 0000 0000 0000 0000 0000 0002 0001 0000 ffff fffe 0000 0000 0000 0000 0003 0001 fffd ffff 0000 0000 0000 0000 0000 0000 0000 0000 0000 0000 0000 0000
0000 0000 0000 0000 0000 0000 0000 0000 0000 0000 0000 0000 0000 0000 0000 0000 0000 0000 0000 0000 0000 0000 0000 0000 0000 0000 0001 0004 fff3 ffed fffd 0000 0000 0002 0000 ffff 0002 0001 fff1 fffe fffe 0000 0000 0000 0000 0000 0000 0002 0002 fffe fffe 0000 0000 0000 0000 0000 0000 0000 0000 0000 0001 0001 fff2 fff2 fffe ffff 0001 0000 0000 ffff ffff 0000 0000 0001 0002 fff1 ffff fff0 ffff 0000 0000 0001 0003 0001 ffee fffe 0000 0000 0000 0000 0000 0000 0000 0000 0000 0000 0000 0000
0000 0000 0000 0000 0000 0000 0000 0000 0000 0000 0000 0000 0000 0000 0000 0000 0000 0000 0000 0000 0000 0000 0000 0000 0000 0000 0000 0003 0004 ffee ffee 0000 ffff 0002 0000 fff2 0002 fffe ffff fff0 fff0 0000 0000 0000 0000 0000 0000 0001 0001 fff0 fff0 0000 0000 0000 0000 0000 0000 0000 0000 0000 0000 0000 0002 0001 ffef fff2 0002 0000 0000 fffe fffe 0000 0000 0000 0001 0000 fff3 0000 fffd 0000 0001 0003 0000 fffe fff0 fff0 0000 0000 0000 0000 0000 0000 0000 0000 0000 0000 0000 0000
0000 0000 0000 0000 0000 0000 0000 0000 0000 0000 0000 0000 0000 0000 0000 0000 0000 0000 0000 0000 0000 0000 0000 0000 0000 0000 0000 0001 0003 fff0 fff1 0000 fffd 0002 0000 0002 0001 ffed fff0 0000 0000 0000 0000 0000 0000 0000 0000 0001 0000 ffff 0000 0000 0000 0000 0000 0000 0000 0000 0000 0000 0000 0000 0002 0000 fffe 0001 0001 fff1 fff1 fff0 fff0 0000 0000 0000 0000 0000 0004 0001 ffed ffff 0002 0004 fffe ffed 0000 0000 0000 0000 0000 0000 0000 0000 0000 0000 0000 0000 0000 0000
0000 0000 0000 0000 0000 0000 0000 0000 0000 0000 0000 0000 0000 0000 0000 0000 0000 0000 0000 0000 0000 0000 0000 0000 0000 0000 0000 0000 0001 0000 fff4 0001 ffed 0000 0000 fff3 0000 ffee 0000 0000 0000 0000 0000 0000 0000 0000 0001 0002 ffff fffe 0000 0000 0000 0000 0000 0000 0000 0000 0000 0000 0000 0000 0002 0000 ffef 0000 0000 0000 0000 0000 0000 0000 0000 0000 0000 0000 0004 0002 ffee ffff 0000 0002 fff0 ffee 0000 0000 0000 0000 0000 0000 0000 0000 0000 0000 0000 0000 0000 0000
0000 0000 0000 0000 0000 0000 0000 0000 0000 0000 0000 0000 0000 0000 0000 0000 0000 0000 0000 0000 0000 0000 0000 0000 0000 0000 0000 0000 0000 0000 0003 0002 ffef fffe 0000 0001 ffff fff0 0000 0000 0000 0000 0000 0000 0000 0000 0002 0001 fffe fff0 0000 0000 0000 0000 0000 0000 0000 0000 0000 0000 0000 0000 0002 0000 fffe 0000 0000 0000 0000 0000 0000 0000 0000 0000 0000 0000 0003 0002 fff0 fff1 fffe ffff 0000 fff0 0000 0000 0000 0000 0000 0000 0000 0000 0000 0000 0000 0000 0000 0000
0000 0000 0000 0000 0000 0000 0000 0000 0000 0000 0000 0000 0000 0000 0000 0000 0000 0000 0000 0000 0000 0000 0000 0000 0000 0000 0000 0000 0000 0000 0001 0002 fff3 ffef 0000 0000 fffd 0000 0001 0000 ffff 0000 0000 0000 0000 0000 0001 0000 fff0 0000 0000 0000 0000 0000 0000 0000 0000 0000 0000 0000 0000 0000 0002 0000 ffef 0000 0000 0000 0000 0000 0000 0000 0000 0000 0000 0000 0001 0003 fff2 fffe ffef fff0 0000 0000 0000 0000 0000 0000 0000 0000 0000 0000 0000 0000 0000 0000 0000 0000
0000 0000 0000 0000 0000 0000 0000 0000 0000 0000 0000 0000 0000 0000 0000 0000 0000 0000 0000 0000 0000 0000 0000 0000 0000 0000 0000 0000 0000 0000 0000 0002 0003 fffe fff2 0000 ffed 0000 0002 0000 fffe 0000 0000 0000 0000 0000 0000 0000 0000 0000 0000 0000 0000 0000 0000 0000 0000 0000 0000 0000 0000 0000 0003 0000 fffd 0000 0000 0000 0000 0000 0000 0000 0000 0000 0000 0000 0000 0004 0002 ffed fffe 0000 0000 0000 0000 0000 0000 0000 0000 0000 0000 0000 0000 0000 0000 0000 0000 0000
0000 0000 0000 0000 0000 0000 0000 0000 0000 0000 0000 0000 0000 0000 0000 0000 0000 0000 0000 0000 0000 0000 0000 0000 0000 0000 0000 0000 0000 0000 0000 0001 0001 fff0 fff4 0000 ffed 0000 0001 0000 fff0 0000 0000 0000 0000 0000 0000 0000 0000 0000 0000 0000 0000 0000 0000 0000 0000 0000 0000 0000 0000 0000 0003 0000 ffee 0000 0000 0000 0000 0000 0000 0000 0000 0000 0000 0000 0000 0004 0001 ffed fff0 0000 0000 0000 0000 0000 0000 0000 0000 0000 0000 0000 0000 0000 0000 0000 0000 0000
0000 0000 0000 0000 0000 0000 0000 0000 0000 0000 0000 0000 0000 0000 0000 0000 0000 0000 0000 0000 0000 0000 0000 0000 0000 0000 0000 0000 0000 0000 0000 0000 0000 0000 0003 0001 ffee 0000 0000 ffff 0000 0000 0000 0000 0000 0000 0000 0000 0000 0000 0000 0000 0000 0000 0000 0000 0000 0000 0000 0000 0000 0001 0001 ffff fff0 0000 0000 0000 0000 0000 0000 0000 0000 0000 0000 0000 0000 0004 0001 ffed ffff 0000 0000 0000 0000 0000 0000 0000 0000 0000 0000 0000 0000 0000 0000 0000 0000 0000
0000 0000 0000 0000 0000 0000 0000 0000 0000 0000 0000 0000 0000 0000 0000 0000 0000 0000 0000 0000 0000 0000 0000 0000 0000 0000 0000 0000 0000 0000 0000 0000 0000 0000 0001 0002 fff1 0001 0000 fffe 0000 ffff ffff 0000 0000 0000 0000 0000 0000 0000 0000 0000 0000 0000 0000 0000 0000 0000 0000 0000 0000 0002 0000 fffe 0000 0000 0000 0000 0000 0000 0000 0000 0000 0000 0000 0000 0000 0004 0002 ffed fffe 0000 0000 0000 0000 0000 0000 0000 0000 0000 0000 0000 0000 0000 0000 0000 0000 0000
0000 0000 0000 0000 0000 0000 0000 0000 0000 0000 0000 0000 0000 0000 0000 0000 0000 0000 0000 0000 0000 0000 0000 0000 0000 0000 0000 0000 0000 0000 0000 0000 0000 0000 0000 0001 0002 fff3 0001 fff1 0000 fffd fffd 0000 0000 0000 0000 0000 0000 0000 0000 0000 0000 0000 0000 0000 0000 0000 0000 0000 0000 0002 0001 ffef ffff 0000 0000 0000 0000 0000 0000 0000 0000 0000 0000 0000 0000 0004 0001 ffed fff0 0000 0000 0000 0000 0000 0000 0000 0000 0000 0000 0000 0000 0000 0000 0000 0000 0000
0000 0000 0000 0000 0000 0000 0000 0000 0000 0000 0000 0000 0000 0000 0000 0000 0000 0000 0000 0000 0000 0000 0000 0000 0000 0000 0000 0000 0000 0000 0000 0000 0000 0000 0000 0000 0001 0001 fff3 fff3 fff2 ffef ffee ffff ffff 0000 0000 0000 0000 0000 0000 0000 0000 0000 0000 0000 0000 0000 0000 0000 0000 0003 0002 fffd fffe 0000 0000 0000 0000 0000 0000 0000 0000 0000 0000 0000 0001 0004 ffff ffed 0000 0000 0000 0000 0000 0000 0000 0000 0000 0000 0000 0000 0000 0000 0000 0000 0000 0000
0000 0000 0000 0000 0000 0000 0000 0000 0000 0000 0000 0000 0000 0000 0000 0000 0000 0000 0000 0000 0000 0000 0000 0000 0000 0000 0000 0000 0000 0000 0000 0000 0000 0000 0000 0000 0000 0000 0001 0001 fff3 fff2 fff0 ffff fffe ffff 0000 0000 0000 0000 0000 0000 0000 0000 0000 0000 0001 0000 ffff 0000 0001 0003 0000 ffee fff0 0000 0000 0000 0000 0000 0000 0000 0000 0000 0000 0001 0003 0003 fffd ffed 0000 0000 0000 0000 0000 0000 0000 0000 0000 0000 0000 0000 0000 0000 0000 0000 0000 0000
0000 0000 0000 0000 0000 0000 0000 0000 0000 0000 0000 0000 0000 0000 0000 0000 0000 0000 0000 0000 0000 0000 0000 0000 0000 0000 0000 0000 0000 0000 0000 0000 0000 0000 0000 0000 0000 0000 0000 0000 0001 0001 fff2 fff3 fff0 fffe ffff ffff 0000 0000 0000 0000 0000 0000 0000 0000 0002 0000 fffe 0000 0002 0002 fffe ffef 0000 0000 0000 0000 0000 0000 0000 0000 0000 0000 0000 0003 0004 0000 ffed ffee 0000 0000 0000 0000 0000 0000 0000 0000 0000 0000 0000 0000 0000 0000 0000 0000 0000 0000
0000 0000 0000 0000 0000 0000 0000 0000 0000 0000 0000 0000 0000 0000 0000 0000 0000 0000 0000 0000 0000 0000 0000 0000 0000 0000 0000 0000 0000 0000 0000 0000 0000 0000 0000 0000 0000 0000 0000 0000 0000 0000 0002 0003 0000 fff1 fffe fffd 0000 0000 0000 0000 0000 0000 0000 0000 0001 0000 fff0 0000 0002 0003 ffef fffd 0000 0000 0000 0001 0000 0000 0001 ffff ffff 0000 0001 0003 0002 ffef ffee fff0 0000 0000 0000 0000 0000 0000 0000 0000 0000 0000 0000 0000 0000 0000 0000 0000 0000 0000
0000 0000 0000 0000 0000 0000 0000 0000 0000 0000 0000 0000 0000 0000 0000 0000 0000 0000 0000 0000 0000 0000 0000 0000 0000 0000 0000 0000 0000 0000 0000 0000 0000 0000 0000 0000 0000 0000 0000 0000 0000 0000 0001 0001 fff1 fff3 fff0 ffef 0001 0000 ffff ffff 0001 0001 0000 0000 ffff ffff 0000 0000 0003 0003 fffd ffee 0000 0001 0000 0002 0000 ffff 0002 fffe ffff 0000 0001 0001 ffff fff0 fff0 0000 0000 0000 0000 0000 0000 0000 0000 0000 0000 0000 0000 0000 0000 0000 0000 0000 0000 0000
0000 0000 0000 0000 0000 0000 0000 0000 0000 0000 0000 0000 0000 0000 0000 0000 0000 0000 0000 0000 0000 0000 0000 0000 0000 0000 0000 0000 0000 0000 0000 0000 0000 0000 0000 0000 0000 0000 0000 0000 0000 0000 0000 0000 0000 0001 0000 fff3 0003 0000 fffe fffd 0002 0002 ffff 0000 ffff ffff 0000 0000 0002 0000 ffee fff0 0000 0002 0000 0001 0000 ffef 0001 fff0 fff2 0000 ffff 0000 fff0 0000 0000 0000 0000 0000 0000 0000 0000 0000 0000 0000 0000 0000 0000 0000 0000 0000 0000 0000 0000 0000
0000 0000 0000 0000 0000 0000 0000 0000 0000 0000 0000 0000 0000 0000 0000 0000 0000 0000 0000 0000 0000 0000 0000 0000 0000 0000 0000 0000 0000 0000 0000 0000 0000 0000 0000 0000 0000 0000 0000 0000 0000 0000 0000 0000 0000 0000 0000 0003 0003 fff1 fff0 ffee 0001 0001 ffef fff1 fff2 fff2 0000 0000 ffff fffe fff0 0000 0000 0001 0000 fff1 0000 fff0 0000 0000 0001 0000 fff0 0000 0000 0000 0000 0000 0000 0000 0000 0000 0000 0000 0000 0000 0000 0000 0000 0000 0000 0000 0000 0000 0000 0000
0000 0000 0000 0000 0000 0000 0000 0000 0000 0000 0000 0000 0000 0000 0000 0000 0000 0000 0000 0000 0000 0000 0000 0000 0000 0000 0000 0000 0000 0000 0000 0000 0000 0000 0000 0000 0000 0000 0000 0000 0000 0000 0000 0000 0000 0000 0000 0001 0001 fff1 fff1 fff0 fff1 0000 fff0 0000 0001 0001 fff1 fff1 fff0 fff0 0000 0000 0000 0000 0000 0000 0000 0000 0000 0000 0000 0000 0000 0000 0000 0000 0000 0000 0000 0000 0000 0000 0000 0000 0000 0000 0000 0000 0000 0000 0000 0000 0000 0000 0000 0000
0000 0000 0000 0000 0000 0000 0000 0000 0000 0000 0000 0000 0000 0000 0000 0000 0000 0000 0000 0000 0000 0000 0000 0000 0000 0000 0000 0000 0000 0000 0000 0000 0000 0000 0000 0000 0000 0000 0000 0000 0000 0000 0000 0000 0000 0000 0000 0000 0000 0000 0000 0000 0000 0000 0000 0000 0000 0000 0000 0000 0000 0000 0000 0000 0000 0000 0000 0000 0000 0000 0000 0000 0000 0000 0000 0000 0000 0000 0000 0000 0000 0000 0000 0000 0000 0000 0000 0000 0000 0000 0000 0000 0000 0000 0000 0000 0000 0000
0000 0000 0000 0000 0000 0000 0000 0000 0000 0000 0000 0000 0000 0000 0000 0000 0000 0000 0000 0000 0000 0000 0000 0000 0000 0000 0000 0000 0000 0000 0000 0000 0000 0000 0000 0000 0000 0000 0000 0000 0000 0000 0000 0000 0000 0000 0000 0000 0000 0000 0000 0000 0000 0000 0000 0000 0000 0000 0000 0000 0000 0000 0000 0000 0000 0000 0000 0000 0000 0000 0000 0000 0000 0000 0000 0000 0000 0000 0000 0000 0000 0000 0000 0000 0000 0000 0000 0000 0000 0000 0000 0000 0000 0000 0000 0000 0000 0000
0000 0000 0000 0000 0000 0000 0000 0000 0000 0000 0000 0000 0000 0000 0000 0000 0000 0000 0000 0000 0000 0000 0000 0000 0000 0000 0000 0000 0000 0000 0000 0000 0000 0000 0000 0000 0000 0000 0000 0000 0000 0000 0000 0000 0000 0000 0000 0000 0000 0000 0000 0000 0000 0000 0000 0000 0000 0000 0000 0000 0000 0000 0000 0000 0000 0000 0000 0000 0000 0000 0000 0000 0000 0000 0000 0000 0000 0000 0000 0000 0000 0000 0000 0000 0000 0000 0000 0000 0000 0000 0000 0000 0000 0000 0000 0000 0000 0000
0000 0000 0000 0000 0000 0000 0000 0000 0000 0000 0000 0000 0000 0000 0000 0000 0000 0000 0000 0000 0000 0000 0000 0000 0000 0000 0000 0000 0000 0000 0000 0000 0000 0000 0000 0000 0000 0000 0000 0000 0000 0000 0000 0000 0000 0000 0000 0000 0000 0000 0000 0000 0000 0000 0000 0000 0000 0000 0000 0000 0000 0000 0000 0000 0000 0000 0000 0000 0000 0000 0000 0000 0000 0000 0000 0000 0000 0000 0000 0000 0000 0000 0000 0000 0000 0000 0000 0000 0000 0000 0000 0000 0000 0000 0000 0000 0000 0000
