00d1 00d1 00d1 00d1 00d1 00d1 00d1 00d1 00d1 00d1 00d1 00d1 00d1 00d1 00d1 00d1 00d1 00d1 00d1 00d1 00d1 00d1 00d1 00d1
00d1 00d1 00d1 00d1 00d1 00d1 00d1 00d1 00d1 00d1 00d1 00d1 00d1 00d1 00d1 00d1 00d1 00d1 00d1 00d1 00d1 00d1 00d1 00d1
00d1 00d1 00d1 00d1 00d1 00d1 00d1 00d1 00d1 00d1 00d1 00d1 00d1 00d1 00d1 00d1 00d1 00d1 00d1 00d1 00d1 00d1 00d1 00d1
00d1 00d1 00eb 0116 010f 0115 0104 0109 00f7 00e9 00da 00d6 00d1 00d1 00d1 00d1 00d1 00d1 00d1 00d1 00d1 00d1 00d1 00d1
00d1 00d1 0153 01ca 01d0 01fd 0220 0251 0207 01df 018e 0180 0161 0161 0161 0161 0154 011e 0109 0103 00ee 00d6 00d1 00d1
00d1 00d1 0187 01f2 021d 026d 0307 02da 02d7 02d4 032f 032f 032f 032f 032f 032f 0315 027e 0207 01e1 0190 00ff 00d1 00d1
00d1 00d1 0115 017d 0182 01ec 01b5 01cc 01d3 01c4 023d 026f 0298 0289 0284 02dd 02e7 0254 019a 017e 015c 012e 00d1 00d1
00d1 00d1 00eb 00d0 0116 013b 00ea 00ba 014a 0118 011d 00fc 0133 00f9 0125 0215 0235 015b 0115 0165 00da 00aa 00d1 00d1
00d1 00d1 009f 00b6 0075 0089 0063 0054 0084 00b1 00b4 00a9 007d 00b1 0104 01a7 01b0 015b 019a 013e 0087 004b 00d1 00d1
00d1 00d1 00bb 00bc 00b3 008f 0081 0069 006c 002e 004e 0044 0022 0084 014c 01e7 011b 014f 0219 00e6 0015 009a 00d1 00d1
00d1 00d1 00d1 00d1 00d1 00d1 00d1 00d1 00bb 00dd 00a1 00c1 00b2 0177 01fe 01e8 01c4 01e9 016b 0067 0044 00c5 00d1 00d1
00d1 00d1 00d1 00d1 00d1 00d1 00d1 00d1 00d1 00d1 00d1 00d1 011f 01f2 0253 0178 01c0 0220 00b4 0000 0085 00d1 00d1 00d1
00d1 00d1 00d1 00d1 00d1 00d1 00d1 00d1 00d1 00d1 00d1 00d1 0187 0236 01c3 01a5 01e6 012a 0065 0044 00bc 00d1 00d1 00d1
00d1 00d1 00d1 00d1 00d1 00d1 00d1 00d1 00d1 00d1 00d1 00f8 01d6 022d 0175 016d 01dd 008b 0000 00a5 00cd 00d1 00d1 00d1
00d1 00d1 00d1 00d1 00d1 00d1 00d1 00d1 00d1 00d1 00eb 017e 021d 01c4 0195 01ef 0138 004f 0057 00cd 00d1 00d1 00d1 00d1
00d1 00d1 00d1 00d1 00d1 00d1 00d1 00d1 00d1 00d1 0153 01fe 0230 0191 01b8 020f 00ac 0000 00b0 00d1 00d1 00d1 00d1 00d1
00d1 00d1 00d1 00d1 00d1 00d1 00d1 00d1 00d1 011f 01d4 023b 01f1 01c6 0207 012d 0053 0057 00cd 00d1 00d1 00d1 00d1 00d1
00d1 00d1 00d1 00d1 00d1 00d1 00d1 00d1 00de 01ca 0230 0220 01c3 0255 01a2 007a 0000 00b0 00d1 00d1 00d1 00d1 00d1 00d1
00d1 00d1 00d1 00d1 00d1 00d1 00d1 00d1 0146 01f8 0241 019b 01d7 01b9 00ca 0016 0057 00cd 00d1 00d1 00d1 00d1 00d1 00d1
00d1 00d1 00d1 00d1 00d1 00d1 00d1 0105 01ea 0260 01a9 01dc 0242 0116 0003 0032 00b0 00d1 00d1 00d1 00d1 00d1 00d1 00d1
00d1 00d1 00d1 00d1 00d1 00d1 00de 0196 0218 0261 01d8 01de 019c 00a8 0028 009c 00cd 00d1 00d1 00d1 00d1 00d1 00d1 00d1
00d1 00d1 00d1 00d1 00d1 00d1 0112 01f0 0278 0254 022d 0228 0114 0081 008d 00c9 00d1 00d1 00d1 00d1 00d1 00d1 00d1 00d1
00d1 00d1 00d1 00d1 00d1 00d1 0146 0228 0235 0250 022c 0193 00e9 004f 00b8 00d1 00d1 00d1 00d1 00d1 00d1 00d1 00d1 00d1
00d1 00d1 00d1 00d1 00d1 00d1 0127 01be 01d6 018c 019f 00ef 008c 0000 00a6 00d1 00d1 00d1 00d1 00d1 00d1 00d1 00d1 00d1
