0000 0000 0000 0000 0000 0000 0000 0000 0000 0000 0000 0000
0000 0000 0000 0000 0000 0000 0000 0000 0000 0000 0000 0000
0000 00ca 00c3 0253 0000 0000 0000 0000 0000 0000 0000 0000
0000 0254 055f 06b0 05aa 05ec 05c8 05c8 03db 0196 01fe 0000
0000 0197 014c 006d 0058 00ee 0117 004a 0000 016d 0119 0000
0000 0000 0000 0000 0052 002a 0000 0000 0387 029a 0000 0000
0000 0000 0000 0000 0000 0000 0000 012e 028c 0000 0000 0000
0000 0000 0000 0000 0000 0000 0000 0275 016b 0000 0000 0000
0000 0000 0000 0000 0000 0000 03be 0330 0000 0000 0000 0000
0000 0000 0000 0000 0000 0022 0446 018d 0000 0000 0000 0000
0000 0000 0000 0000 0000 00a3 0166 0000 0000 0000 0000 0000
0000 0000 0000 020b 055e 063d 0153 0000 0000 0000 0000 0000
