0000 0000 0000 0000 0000 0000 0000 0000 0000 0000 0000 0000 0000 0000 0000 0000 0000 0000 0000 0000 0000 0000
0000 0000 0000 0000 0000 0000 0000 0000 0000 0000 0000 0000 0000 0000 0000 0000 0000 0000 0000 0000 0000 0000
0000 0000 3dcd 3dcd 1de4 10bd 369b 369b 0000 0000 0120 0120 0000 0000 0000 0000 0000 0000 0000 0000 0000 0000
0000 3c3e 3dcd 3dcd 1e60 3362 369b 369b 0000 0000 0120 0120 0000 0000 0000 0000 08c9 371b 371b 0000 01a0 01a0
0000 3c3e 3c3e 331f 1e60 3362 3943 3943 03cd 3f6c 3f6c 3285 30d4 323f 323f 3447 3447 371b 371b 0000 0940 0940
0000 0eed 355b 355b 02a3 3848 3943 3943 03cd 3f6c 3f6c 3285 30d4 323f 323f 3447 3447 22a0 22a0 1145 1145 0fd4
0000 3fe2 3fe2 355b 363d 3848 3848 2841 2137 33f3 33f3 213b 213b 27d5 27d5 1726 0000 0000 067b 1145 1145 0fd4
0000 3fe2 3fe2 2df7 363d 363d 1eb8 2137 2b3b 2b3b 0000 01a2 031f 2dd1 2dd1 1726 1944 1944 0000 1d43 1d43 0eda
0000 20c0 2252 2df7 2df7 0000 0000 0f9b 2b3b 2b3b 2709 39de 39de 2dd1 2fa2 2fa2 1944 1944 1854 1d43 1d43 06a0
0000 04b6 04b6 0220 0000 0000 0132 0325 0325 0000 2709 39de 39de 25d1 2fa2 2fa2 1bbf 1854 1854 068e 0000 0000
0000 0000 0000 0000 0000 0000 0132 0325 0325 0000 0000 0000 0841 2778 2a50 2a50 1bbf 31d2 3d13 3d13 0000 0000
0000 0000 0000 0000 0000 0000 0000 0000 0000 0000 0000 3797 3797 2778 2778 2077 1601 31d2 3d13 3d13 0000 0000
0000 0000 0000 0000 0000 0000 0000 0000 0000 0000 0000 3797 3797 33e4 297d 1601 1601 2ba6 2ba6 0000 0000 0000
0000 0000 0000 0000 0000 0000 0000 0000 0000 0000 1c3e 1c3e 33e4 33e4 297d 3e4d 3e4d 2ba6 2ba6 0000 0000 0000
0000 0000 0000 0000 0000 0000 0000 0000 0000 3938 3938 1c3e 188e 093b 0000 3e4d 3e4d 38ff 0000 0000 0000 0000
0000 0000 0000 0000 0000 0000 0000 0000 0000 3938 3938 188e 188e 16c0 16c0 0b8a 38ff 38ff 0000 0000 0000 0000
0000 0000 0000 0000 0000 0000 0000 0000 18c1 18c1 0000 0000 2648 2648 16c0 3799 3799 0000 0000 0000 0000 0000
0000 0000 0000 0000 0000 0000 0000 3b5c 3b5c 23d8 2ce9 2ce9 2650 3cfd 3cfd 3abe 3799 0000 0000 0000 0000 0000
0000 0000 0000 0000 0000 0000 0000 3b5c 3b5c 23d8 2ce9 2ce9 2725 3cfd 3cfd 3abe 0000 0000 0000 0000 0000 0000
0000 0000 0000 0000 0000 0000 2132 2132 166a 166a 02fe 3778 3778 33d1 3658 3658 0000 0000 0000 0000 0000 0000
0000 0000 0000 0000 0000 0000 2132 2132 166a 31a7 31a7 3778 3778 33d1 33d1 0000 0000 0000 0000 0000 0000 0000
0000 0000 0000 0000 0000 0000 2778 2778 339c 339c 31a7 144e 144e 0000 0000 0000 0000 0000 0000 0000 0000 0000
