0000 0000 0000 0000 0000 0000 0000 0000 0000 0000 0000 0000
0000 0000 0000 0000 0000 0000 0000 0000 0000 0000 0000 0000
0000 0000 0000 0000 0000 0000 0000 0000 0000 0000 0000 0000
0000 030d 0526 0450 02cd 026e 0277 0254 0000 0000 0000 0000
0000 02c1 03e2 036a 0445 0449 0447 02dd 0224 0094 0000 0000
0000 0000 0000 0000 007d 00c7 0040 0000 03b8 00cd 0000 0000
0000 0000 0000 0000 0000 0000 0000 039d 0333 0000 0000 0000
0000 0000 0000 0000 0000 0000 0008 02ca 0000 0000 0000 0000
0000 0000 0000 0000 0000 0000 0254 01d5 0000 0000 0000 0000
0000 0000 0000 0000 0000 036c 03c0 0000 0000 0000 0000 0000
0000 0000 0000 0000 0000 01f9 01e2 0000 0000 0000 0000 0000
0000 0000 0000 0000 043a 046b 0000 0000 0000 0000 0000 0000
