0000 0000 0000 0000 0000 0000 0000 0000 0000 0000 0000 0000
0000 0000 0000 0000 0000 0008 0000 0000 0000 0000 0000 0000
0000 0000 0000 0000 0000 0000 0000 0000 0000 0000 0038 0000
0000 02ba 054e 04b2 06c7 0750 07ac 077b 0336 0324 021c 0000
0000 00ef 014a 0000 0182 02cf 035e 013e 0057 01df 00ec 0000
0000 0000 0000 0000 0024 002e 0000 014d 042c 024b 0000 0000
0000 0000 0000 0000 0000 0000 0000 0327 045a 0000 0000 0000
0000 0000 0000 0000 0000 0000 0024 035e 01e1 0000 0000 0000
0000 0000 0000 0000 0000 0000 048c 0437 0000 0000 0000 0000
0000 0000 0000 0000 0000 032f 04f6 01d1 0000 0000 0000 0000
0000 0000 0000 0000 0000 03be 0169 0000 0000 0000 0000 0000
0000 0000 0000 0159 06d2 0500 0051 0000 0000 0000 0000 0000
