0000 0000 0000 0000 0000 0000 0000 0000 0000 0000 0000 0000
0000 01ba 02f5 024d 00c4 0016 0000 0000 0000 0000 0000 0000
0000 03a9 072c 090b 0a77 0a1e 09c1 09c1 09cf 065d 0136 0000
0000 0000 0000 0000 023a 03bf 042f 0449 08d1 078c 02e8 0000
0000 0012 0000 0000 0000 0000 0000 0000 0000 0209 0149 0000
0000 0000 0000 0000 0012 0000 0166 01a1 0000 0135 0048 0000
0000 0000 0000 0000 0000 009c 00db 0000 00ed 0076 0000 0000
0000 0000 0000 0000 0000 029e 022a 0000 0145 000d 0000 0000
0000 0000 0000 0000 0170 02a5 0043 00ff 00c5 0000 0000 0000
0000 0000 0000 00d0 0223 00d6 0000 004c 000d 0000 0000 0000
0000 0000 0000 018d 021c 014b 022e 0042 0000 0000 0000 0000
0000 0000 0000 0021 0022 0158 0307 002a 0000 0000 0000 0000
