0000 0000 0000 0000 0000 0000 0000 0000 0000 0000 0000 0000
0000 0000 0000 00ef 00e0 0044 0000 0000 0000 0000 0000 0000
0000 0000 0000 00ca 00c5 00f4 009e 009e 018d 046d 026f 0000
0000 0000 0000 0000 0000 0012 002c 00da 001f 0716 03b3 0000
0000 0014 00ea 00dd 0168 015a 0170 006b 0529 092d 02f4 0000
0000 0000 0000 0000 0014 0063 0035 0000 081d 0714 0122 0000
0000 0000 0000 0000 0000 0000 0000 0555 07ec 0334 0033 0000
0000 0000 0000 0000 0000 0000 0000 07ca 067b 00dd 0000 0000
0000 0000 0000 0000 0000 0000 06ad 0812 02c1 000e 0000 0000
0000 0000 0000 0000 0000 01e9 083d 0565 00dd 0000 0000 0000
0000 0000 0000 0000 0000 08d2 0865 01a3 000e 0000 0000 0000
0000 0000 0000 0000 0000 08b9 0638 007a 0000 0000 0000 0000
