0000 0000 0095 0244 0396 0405 0405 027e 00b1 0000 0000 0000
0000 008c 01e2 0201 0276 031e 03c5 0379 0208 0000 0000 0000
0000 006a 00ab 0101 00e6 00c9 026b 02a2 01f4 0000 0000 0000
0000 0000 0000 0000 017e 0227 021d 0241 0114 0000 0000 0000
0000 0000 0000 008c 013f 01dc 0218 0184 009a 0000 0000 0000
0000 0000 0035 0161 0191 01cd 017e 007c 0000 0000 0000 0000
0000 0000 00d2 01ac 0227 0209 010a 0000 0000 0000 0000 0000
0000 0000 0107 0199 01ba 0184 009a 0000 0000 003e 00d7 005a
0000 0000 00a0 0274 03f3 03b0 02ec 02ec 02ec 0329 0396 03c8
0000 0000 007c 02ae 0446 0465 0405 0405 03a6 02c2 0269 0340
0000 0000 0000 0000 0016 0016 0016 0016 0000 0000 0000 0000
0000 0000 0000 0000 0000 0000 0000 0000 0000 0000 0000 0000
